0(2): 419(2)
1(2): 437(2)
2(2): 400(2) 438(1)
3(1): 341(1) 397(1)
4(2): 313(2) 318(2)
5(2): 288(2) 293(2) 308(2)
6(1): 257(1) 407(1) 425(1)
7(2): 323(2) 333(2)
8(1): 255(1) 322(2)
9(1): 406(1) 442(2)
10(1): 344(1)
11(2): 314(2) 324(2)
12(2): 381(1) 385(2)
13(2): 391(2)
14(0):
15(2): 342(2)
16(1): 332(1) 334(1)
17(1): 399(1) 440(2)
18(1): 360(1)
19(2): 345(2) 351(2)
20(2): 303(2) 428(2)
21(2): 376(1) 393(2)
22(2): 394(2)
23(2): 262(2) 283(2)
24(2): 410(2)
25(1): 307(1) 396(1)
26(2): 312(2)
27(1): 298(1)
28(1): 278(1)
Unsorted: 409(1) 433(2)
