0(2): 385(2)
1(1): 381(1)
2(1): 313(2) 341(1)
3(2): 312(2) 345(2)
4(2): 419(2)
5(2): 314(2) 351(2) 393(2)
6(2): 283(2) 303(2) 308(2)
7(2): 440(2)
8(2): 391(2) 433(2)
9(2): 324(2) 333(2) 394(2)
10(2): 428(2) 437(2)
11(2): 293(2) 400(2) 410(2)
12(2): 318(2) 322(2)
13(2): 323(2)
14(2): 342(2)
15(2): 442(2)
16(2): 288(2)
17(1): 262(2) 344(1)
18(1): 397(1) 409(1)
19(1): 376(1) 396(1)
20(1): 307(1) 332(1)
21(1): 255(1) 278(1)
22(1): 298(1)
23(0):
24(1): 438(1)
25(1): 399(1)
26(1): 360(1)
27(1): 334(1)
28(1): 257(1)
Unsorted: 407(1) 425(1) 406(1)
