0(2): 410(2)
1(2): 314(2)
2(2): 308(2) 323(2)
3(2): 262(2) 394(2)
4(2): 428(2)
5(2): 307(1) 341(1) 400(2)
6(1): 255(1) 334(1) 409(1)
7(1): 438(1)
8(1): 257(1) 407(1)
9(1): 298(1) 332(1) 397(1)
10(1): 396(1) 399(1)
11(1): 278(1) 360(1)
12(1): 344(1) 376(1)
13(1): 425(1)
14(1): 381(1) 406(1)
15(2): 419(2) 437(2)
16(2): 322(2) 324(2)
17(2): 313(2) 433(2)
18(2): 393(2) 440(2)
19(2): 345(2) 385(2)
20(2): 312(2) 318(2)
21(2): 342(2) 351(2)
22(2): 391(2)
23(0):
24(2): 288(2)
25(2): 283(2)
26(2): 293(2)
27(2): 333(2)
28(2): 303(2)
Unsorted: 442(2)
